$ 1 0.000005 10.20027730826997 73 5 50 5e-11
v 288 256 288 528 0 1 40 5 0 0 0.5
d 464 256 464 336 2 default
d 464 528 464 448 2 default
w 288 256 464 256 0
w 464 256 592 256 0
w 288 528 464 528 0
w 464 528 592 528 0
d 592 336 592 256 2 default
d 592 448 592 528 2 default
c 464 336 592 336 0 0.000009999999999999999 4.2849803351001565 0.001
p 464 448 592 448 1 0 0
r 464 400 592 400 0 200000
w 464 336 464 400 0
w 464 400 464 448 0
w 592 336 592 400 0
w 592 400 592 448 0
o 11 64 0 4099 5 0.00009765625 0 2 11 3
o 10 64 0 4099 5 0.1 1 1
